0 1
1 0.999471
2 0.998942
3 0.998413
4 0.997882
5 0.997352
6 0.99682
7 0.996288
8 0.995756
9 0.995223
10 0.994689
11 0.994155
12 0.99362
13 0.993085
14 0.992549
15 0.992012
16 0.991475
17 0.990937
18 0.990399
19 0.98986
20 0.989321
21 0.988781
22 0.98824
23 0.987699
24 0.987157
25 0.986614
26 0.986071
27 0.985527
28 0.984983
29 0.984438
30 0.983893
31 0.983347
32 0.9828
33 0.982252
34 0.981704
35 0.981156
36 0.980606
37 0.980057
38 0.979506
39 0.978955
40 0.978403
41 0.977851
42 0.977298
43 0.976744
44 0.97619
45 0.975635
46 0.975079
47 0.974523
48 0.973966
49 0.973408
50 0.97285
51 0.972291
52 0.971731
53 0.971171
54 0.97061
55 0.970048
56 0.969486
57 0.968923
58 0.96836
59 0.967795
60 0.96723
61 0.966665
62 0.966098
63 0.965531
64 0.964964
65 0.964395
66 0.963826
67 0.963256
68 0.962686
69 0.962115
70 0.961543
71 0.96097
72 0.960397
73 0.959823
74 0.959248
75 0.958672
76 0.958096
77 0.957519
78 0.956942
79 0.956363
80 0.955784
81 0.955204
82 0.954623
83 0.954042
84 0.95346
85 0.952877
86 0.952294
87 0.951709
88 0.951124
89 0.950538
90 0.949952
91 0.949364
92 0.948776
93 0.948187
94 0.947597
95 0.947007
96 0.946416
97 0.945823
98 0.945231
99 0.944637
100 0.944043
101 0.943447
102 0.942851
103 0.942254
104 0.941657
105 0.941058
106 0.940459
107 0.939859
108 0.939258
109 0.938656
110 0.938054
111 0.93745
112 0.936846
113 0.936241
114 0.935635
115 0.935029
116 0.934421
117 0.933813
118 0.933203
119 0.932593
120 0.931982
121 0.93137
122 0.930758
123 0.930144
124 0.929529
125 0.928914
126 0.928298
127 0.927681
128 0.927063
129 0.926444
130 0.925824
131 0.925203
132 0.924581
133 0.923959
134 0.923335
135 0.922711
136 0.922086
137 0.921459
138 0.920832
139 0.920204
140 0.919575
141 0.918945
142 0.918314
143 0.917682
144 0.917049
145 0.916416
146 0.915781
147 0.915145
148 0.914508
149 0.913871
150 0.913232
151 0.912592
152 0.911952
153 0.91131
154 0.910667
155 0.910024
156 0.909379
157 0.908733
158 0.908087
159 0.907439
160 0.90679
161 0.90614
162 0.905489
163 0.904837
164 0.904184
165 0.90353
166 0.902875
167 0.902219
168 0.901562
169 0.900904
170 0.900244
171 0.899584
172 0.898922
173 0.89826
174 0.897596
175 0.896931
176 0.896265
177 0.895598
178 0.89493
179 0.89426
180 0.89359
181 0.892918
182 0.892245
183 0.891571
184 0.890896
185 0.89022
186 0.889542
187 0.888864
188 0.888184
189 0.887503
190 0.886821
191 0.886137
192 0.885453
193 0.884767
194 0.88408
195 0.883391
196 0.882702
197 0.882011
198 0.881319
199 0.880626
200 0.879931
201 0.879235
202 0.878538
203 0.87784
204 0.87714
205 0.876439
206 0.875737
207 0.875033
208 0.874328
209 0.873622
210 0.872915
211 0.872206
212 0.871495
213 0.870784
214 0.870071
215 0.869356
216 0.868641
217 0.867923
218 0.867205
219 0.866485
220 0.865764
221 0.865041
222 0.864317
223 0.863591
224 0.862864
225 0.862135
226 0.861405
227 0.860674
228 0.859941
229 0.859206
230 0.85847
231 0.857733
232 0.856994
233 0.856253
234 0.855511
235 0.854768
236 0.854023
237 0.853276
238 0.852528
239 0.851778
240 0.851027
241 0.850274
242 0.849519
243 0.848763
244 0.848005
245 0.847245
246 0.846484
247 0.845721
248 0.844957
249 0.844191
250 0.843423
251 0.842653
252 0.841882
253 0.841109
254 0.840334
255 0.839558
256 0.83878
257 0.838
258 0.837218
259 0.836435
260 0.835649
261 0.834862
262 0.834073
263 0.833283
264 0.83249
265 0.831696
266 0.830899
267 0.830101
268 0.829301
269 0.828499
270 0.827695
271 0.82689
272 0.826082
273 0.825272
274 0.824461
275 0.823647
276 0.822832
277 0.822014
278 0.821195
279 0.820373
280 0.819549
281 0.818724
282 0.817896
283 0.817066
284 0.816235
285 0.815401
286 0.814565
287 0.813726
288 0.812886
289 0.812044
290 0.811199
291 0.810352
292 0.809503
293 0.808652
294 0.807799
295 0.806943
296 0.806085
297 0.805225
298 0.804363
299 0.803498
300 0.802631
301 0.801762
302 0.80089
303 0.800016
304 0.79914
305 0.798261
306 0.79738
307 0.796496
308 0.79561
309 0.794722
310 0.793831
311 0.792938
312 0.792042
313 0.791143
314 0.790243
315 0.789339
316 0.788433
317 0.787525
318 0.786614
319 0.7857
320 0.784784
321 0.783865
322 0.782943
323 0.782019
324 0.781092
325 0.780163
326 0.77923
327 0.778295
328 0.777358
329 0.776417
330 0.775474
331 0.774528
332 0.773579
333 0.772627
334 0.771672
335 0.770715
336 0.769754
337 0.768791
338 0.767825
339 0.766855
340 0.765883
341 0.764908
342 0.76393
343 0.762949
344 0.761965
345 0.760977
346 0.759987
347 0.758993
348 0.757997
349 0.756997
350 0.755994
351 0.754988
352 0.753979
353 0.752966
354 0.751951
355 0.750932
356 0.749909
357 0.748884
358 0.747855
359 0.746823
360 0.745787
361 0.744748
362 0.743705
363 0.74266
364 0.74161
365 0.740557
366 0.739501
367 0.738441
368 0.737378
369 0.736311
370 0.73524
371 0.734166
372 0.733088
373 0.732007
374 0.730922
375 0.729833
376 0.72874
377 0.727644
378 0.726544
379 0.72544
380 0.724332
381 0.723221
382 0.722105
383 0.720986
384 0.719862
385 0.718735
386 0.717604
387 0.716468
388 0.715329
389 0.714185
390 0.713038
391 0.711886
392 0.710731
393 0.709571
394 0.708406
395 0.707238
396 0.706065
397 0.704888
398 0.703707
399 0.702522
400 0.701332
401 0.700137
402 0.698938
403 0.697735
404 0.696527
405 0.695315
406 0.694098
407 0.692877
408 0.691651
409 0.69042
410 0.689185
411 0.687944
412 0.6867
413 0.68545
414 0.684195
415 0.682936
416 0.681672
417 0.680403
418 0.679129
419 0.67785
420 0.676566
421 0.675277
422 0.673982
423 0.672683
424 0.671379
425 0.670069
426 0.668754
427 0.667434
428 0.666108
429 0.664777
430 0.663441
431 0.662099
432 0.660752
433 0.659399
434 0.658041
435 0.656677
436 0.655308
437 0.653933
438 0.652552
439 0.651165
440 0.649773
441 0.648374
442 0.64697
443 0.64556
444 0.644144
445 0.642722
446 0.641293
447 0.639859
448 0.638419
449 0.636972
450 0.635519
451 0.634059
452 0.632594
453 0.631121
454 0.629643
455 0.628157
456 0.626666
457 0.625167
458 0.623662
459 0.62215
460 0.620632
461 0.619106
462 0.617574
463 0.616034
464 0.614488
465 0.612934
466 0.611374
467 0.609806
468 0.608231
469 0.606648
470 0.605058
471 0.603461
472 0.601856
473 0.600244
474 0.598623
475 0.596996
476 0.59536
477 0.593716
478 0.592065
479 0.590405
480 0.588738
481 0.587062
482 0.585378
483 0.583685
484 0.581985
485 0.580275
486 0.578558
487 0.576831
488 0.575096
489 0.573352
490 0.571599
491 0.569837
492 0.568066
493 0.566286
494 0.564497
495 0.562698
496 0.56089
497 0.559072
498 0.557245
499 0.555407
500 0.55356
501 0.551703
502 0.549836
503 0.547959
504 0.546072
505 0.544174
506 0.542265
507 0.540346
508 0.538416
509 0.536476
510 0.534524
511 0.532561
512 0.530587
513 0.528602
514 0.526605
515 0.524596
516 0.522576
517 0.520543
518 0.518499
519 0.516442
520 0.514373
521 0.512292
522 0.510197
523 0.50809
524 0.50597
525 0.503837
526 0.50169
527 0.499529
528 0.497355
529 0.495167
530 0.492965
531 0.490749
532 0.488518
533 0.486272
534 0.484012
535 0.481736
536 0.479445
537 0.477138
538 0.474816
539 0.472477
540 0.470122
541 0.467751
542 0.465362
543 0.462957
544 0.460534
545 0.458094
546 0.455636
547 0.453159
548 0.450664
549 0.44815
550 0.445617
551 0.443064
552 0.440492
553 0.437899
554 0.435286
555 0.432652
556 0.429997
557 0.427319
558 0.42462
559 0.421898
560 0.419153
561 0.416384
562 0.413592
563 0.410775
564 0.407933
565 0.405065
566 0.402171
567 0.399251
568 0.396304
569 0.393328
570 0.390324
571 0.387291
572 0.384228
573 0.381135
574 0.37801
575 0.374853
576 0.371663
577 0.368439
578 0.365181
579 0.361887
580 0.358556
581 0.355187
582 0.35178
583 0.348333
584 0.344844
585 0.341314
586 0.337739
587 0.334119
588 0.330453
589 0.326739
590 0.322974
591 0.319158
592 0.315288
593 0.311363
594 0.30738
595 0.303338
596 0.299232
597 0.295062
598 0.290824
599 0.286515
600 0.282133
601 0.277672
602 0.27313
603 0.268503
604 0.263785
605 0.258973
606 0.25406
607 0.249041
608 0.243909
609 0.238657
610 0.233276
611 0.227758
612 0.222093
613 0.216268
614 0.210271
615 0.204085
616 0.197695
617 0.191079
618 0.184212
619 0.177066
620 0.169605
621 0.161785
622 0.153553
623 0.144837
624 0.135544
625 0.125546
626 0.11466
627 0.102601
628 0.0888955
629 0.0726158
630 0.0513704
631 0
